	AdaBoost_feature_importances	Extra_Trees_feature_importances	Gradient_Boost_feature_importances	Random_Forest_feature_importances	features
0	0.256097560976	0.182008048721	0.310812095008	0.179111346175	age.challenge
1	0.69512195122	0.080967384779	0.476124252406	0.46708819484	weight.challenge
2	0.414634146341	0.102649173185	0.290574590623	0.376704081891	v18.hour.post.challenge
3	1.0	0.080822452244	0.3765529244	0.40686039051	v18.weight
4	0.524390243902	0.15655093957	0.912820279571	0.65701461611	v24.hour.post.challenge
5	0.341463414634	0.0756346639505	0.348214700137	0.382093861318	v24.weight
6	0.512195121951	0.0905684203501	0.510788240317	0.405938138206	weight.change.0.24
7	0.30487804878	0.0839797211417	0.518987966205	0.366175525303	weight.change.0.18
8	0.90243902439	0.124732552786	1.0	0.594319715713	weight.change.18.24
9	0.0121951219512	0.0849792252674	0.163243911359	0.0808345469884	sex_m
10	0.0	0.0	0.0	0.0	chal.status_non challenged
11	0.0	0.0678409651726	0.0875191303014	0.0629582823715	v18.energy.high_mobile
12	0.0	0.0557761615472	0.016484706828	0.039629753213	v18.energy.high_non mobile
13	0.0	0.112047085609	0.265134307846	0.0934615045648	v18.energy.low_mobile
14	0.0	0.0193332269598	0.00438206446151	0.0231259990933	v18.energy.low_non mobile
15	0.0	0.0762786034632	0.0308334631426	0.0684794707759	v18.righting.response.high_rights
16	0.0	0.10555742245	0.00935817184341	0.101483906403	v18.righting.response.low_rights
17	0.0	0.288119970595	0.0570067419727	0.283288188563	v24.energy.high_mobile
18	0.243902439024	0.504817717432	0.229857807914	0.449987158496	v24.energy.high_non mobile
19	0.19512195122	0.283269828898	0.42291973231	0.355854923821	v24.energy.low_mobile
20	0.0121951219512	0.0695083621861	0.0141772411543	0.126575871189	v24.energy.low_non mobile
21	0.158536585366	0.7939874409	0.259009289996	0.979772341987	v24.righting.response.high_rights
22	0.158536585366	1.0	0.446322814383	1.0	v24.righting.response.low_rights
23	0.0121951219512	0.182404189544	0.0141552920649	0.114263867812	direction.of.weight.change.18.24_lose
24	0.0365853658537	0.102593554521	0.0716412956835	0.0922899076391	change.righting.high_ftr.to.rights
25	0.121951219512	0.138821146692	0.0129533540783	0.127269419358	change.righting.high_rights.to.ftr
26	0.0	0.327123862451	0.200027366699	0.436788952129	change.righting.high_rights.to.rights
27	0.0	0.171838472153	0.101517069058	0.159441569242	change.righting.low_ftr.to.rights
28	0.0365853658537	0.0732500344874	0.0169400039438	0.0680884038223	change.righting.low_rights.to.ftr
29	0.158536585366	0.403371491572	0.155809345664	0.501198165461	change.righting.low_rights.to.rights
